1518645364
1518645366
1518645367
1518645368
1518645369
1518645370
1518645371
1518645372
1518644432
1518644433
1518644434
1518644435
1518644437
1518644438
1518644439
1518644441
1518644442
1518644443
1518644445
1518644446
1518644447
1518644448
1518644450
1518644451
1518644452
1518644453
1518644454
1518644456
1518644457
1518644458
1518644460
1518644461
1518644462
1518644464
1518644465
1518644466
1518644468
1518644469
1518644470
1518644472
1518644473
1518644474
1518644475
1518644476
1518644477
1518644479
1518644480
1518644481
1518644483
1518644484
1518644485
1518644486
1518644488
1518644489
1518644490
1518644492
1518644493
1518644494
1518644495
1518644497
1518644498
1518644499
1518644500
1518644502
1518644503
1518644504
1518644505
1518644506
1518644507
1518644509
1518644510
1518644511
1518644513
1518644514
1518644515
1518644516
1518644518
1518644519
1518644520
1518644521
1518644523
1518644524
1518644525
1518644526
1518644528
1518644529
1518644530
1518644532
1518644533
1518644534
1518644535
1518644536
1518644538
1518644539
1518644540
1518644542
1518644543
1518644544
1518644545
1518644546
1518644548
1518644549
1518644550
1518644551
1518644552
1518644554
1518644555
1518644556
1518644557
1518644558
1518644560
1518644561
1518644562
1518644564
1518644565
1518644567
1518644568
1518644569
1518644571
1518644572
1518644573
1518644574
1518644576
1518644577
1518644578
1518644579
1518644580
1518644581
1518644582
1518644583
1518644585
1518644586
1518644588
1518644589
1518644591
1518644592
1518644593
1518644594
1518644595
1518644597
1518644598
1518644599
1518644601
1518644602
1518644603
1518644604
1518644605
1518644607
1518644608
1518644609
1518644610
1518644612
1518644613
1518644615
1518644616
1518644617
1518644618
1518644620
1518644621
1518644622
1518644624
1518644625
1518644626
1518644628
1518644629
1518644630
1518644631
1518644633
1518644634
1518644635
1518644637
1518644638
1518644639
1518644641
1518644642
1518644643
1518644644
1518644646
1518644647
1518644648
1518644649
1518644651
1518644652
1518644653
1518644654
1518644656
1518644657
1518644658
1518644660
1518644661
1518644662
1518644664
1518644665
1518644666
1518644667
1518644669
1518644670
1518644671
1518644672
1518644674
